$ 1 0.000005 10.20027730826997 50 5 43 5e-11
154 224 192 320 192 0 2 0 5
154 448 144 560 144 0 2 0 5
r 368 208 368 288 0 22000
r 208 304 304 304 0 150000
c 400 304 512 304 0 1e-9 4.4367e-320 0.001
g 128 208 128 240 0 0
w 128 208 128 176 0
w 224 176 128 176 0
w 128 176 128 128 0
w 448 128 128 128 0
w 320 192 368 192 0
w 448 160 368 160 0
w 368 208 368 192 0
w 368 160 368 192 0
w 400 304 368 304 0
w 368 288 368 304 0
w 304 304 368 304 0
w 560 144 544 304 0
w 512 304 544 304 0
w 224 208 176 208 0
w 208 304 176 304 0
w 176 208 176 304 0
o 17 64 0 4099 0.0000762939453125 0.00009765625 0 2 17 3
